8374
11095
15749
19525
35696
38674
40034
42901
44629
47700
49071
48403
52458
51290
42866
41853
43389
55450
60274
60749
62018
63825
65287
66315
71671
73778
80947
81847
82473
82780
3665925
75465
80307
78368
82419
89388
96513
98418
98720
102817
100478
99972
105020
105583
105850
109706
115908
120036
109160
103691
108671
111088
111925
112589
114697
113185
115681
117039
118904
119695
111284
93906
121179
135705
140720
144356
148882
149577
153769
155627
157758
155436
159301
161488
163552
165775
165593
166014
149902
149043
150043
156388
153602
155064
186803
187865
192217
193095
188780
171365
162292
185431
188417
190570
190935
192209
181086
168831
170898
