7996
9473
12096
14285
30937
35841
36661
38064
39443
41440
45298
47786
48333
48197
52385
53352
54903
55886
55834
59226
57960
63293
64925
64367
67070
66565
68372
71782
71405
73664
77028
77020
79222
79980
81657
77339
80549
85325
85599
89757
88466
88541
94025
93816
93938
98787
98543
100333
99721
99560
103484
129013
109026
110009
110170
111039
110942
115423
112148
115288
114529
117824
119177
113418
99957
101273
101264
105244
108101
131536
131322
138009
135747
141008
144810
140974
142155
144128
142178
144749
148094
153644
149887
153240
153543
155422
159466
155702
163434
164961
166131
168560
169961
172286
172374
175786
174871
175802
180521
