7720
7946
7314
9332
34441
34452
27395
29678
29478
38364
41832
43430
45545
42794
44709
46719
47703
47836
49527
51867
50477
54218
55621
57081
57784
57988
60639
62842
62612
66107
66581
69101
68145
67535
70737
71304
73854
74269
74257
3662373
78767
78951
82717
81464
82074
86551
85808
87273
87395
87357
91892
91835
93689
94703
94671
96691
97558
97825
99777
101347
102429
106895
106077
109544
109151
114156
114545
117425
99593
131217
137044
137453
126784
139448
125829
128165
120217
135786
140080
130305
131051
134912
130154
133714
131156
142409
138631
136433
141205
139696
141725
142208
144306
144395
147889
149522
149626
148105
147271
